$ANSIBLE_VAULT;1.1;AES256
35623361333961633263303234303639396332376234646132633237663637646331316538383431
6666653335666465643435363037366262646138363164610a633265633939303830356639376435
31373066303664326130643339316435303665316165623835633735613035336234643535623030
3565326630633935380a316338623661656162323833666236303030363134366639626165333536
35643937646531386464636238363239656632313263666631353735366434613131396562613336
39636565303934316336343732363639653634636331326261333961373338353136336331356632
36376431323133303962666635666266653633643830326461386462383963366137346632323336
62333639316532346333393962346634643037363531646466356237376361303433656134376364
66323163346264303137336139303937633634383236626361306465363534623230383862363036
66313831626235623335373139346432333161363832343263623633366539326634316135663136
33643533663434326333663166666638333465386630326664386637366633373831663038393163
37346636386561623333323232316536356263623964656535353134356539626332363837336639
31653731643536323437663666313931643535323332666331313235326534666130653130656662
64343230643739376464333334346232623037643766613831666465313536616534366237666137
30366561383330383566366537323136646162346563363834313866633964636237663063303465
38623435636566663633306664306666616137636132643435663235653731336337613263396331
63316533613434333837303064316264343039646538646332626235643964396634666334626136
31633231646230353731653764393234303134373236336630383761323031373364633438613838
37666330663733643939613761383132316333613666313336616665303834333063303765646132
63333165343661313761373235356437373039343335633163376266393161363038376136646232
65333135383635663232616465623431396561323739643134393437343666393436376234383830
36303730346239646637323564373939386539633235383965646337623663616638376437313137
64653036323163313039366564323964663736363166613763373166366434393637626338353831
62326531643362616332336363366235333561616439326539326365376465343661663834636461
6662
